Weight    Value     
    33    58        
    51    18        
    15    1         
    98    25        
    55    9         
    46    47        
    54    13        
    14    16        
    86    49        
    93    40        
    20    10        
    38    88        
    88    43        
    26    12        
    48    84        
    40    52        
    36    80        
    83    76        
    67    14        
    27    100       
    89    2         
    96    14        
    21    36        
     7    35        
    67    57        
    58    72        
    52    14        
    74    79        
     2    78        
    36    36        
    46    2         
    94    69        
    94    4         
    16    27        
    20    4         
   100    14        
    25    66        
    30    91        
    39    53        
    25    88        
    81    46        
     6    47        
    90    26        
    85    71        
    37    10        
     7    30        
    54    99        
    71    88        
    79    27        
     8    91        
    90    28        
    80    72        
    35    47        
    52    10        
    92    8         
    67    35        
     6    82        
    70    31        
    27    82        
    52    76        
    40    31        
    41    19        
    95    80        
    25    7         
    65    62        
    75    25        
    87    81        
    53    67        
    15    75        
    82    78        
    45    75        
    67    40        
    85    66        
    51    52        
    97    80        
    29    15        
    94    36        
    92    14        
    69    1         
    33    74        
    37    11        
    63    28        
    52    45        
    80    22        
    86    11        
    82    58        
    17    79        
    65    39        
     4    46        
    91    87        
    54    73        
     6    93        
    60    54        
    13    55        
    45    49        
     7    43        
    55    45        
    90    6         
    43    7         
    30    97        
    87    77        
    47    53        
    43    66        
    76    15        
    24    32        
    63    90        
     3    4         
    92    76        
    70    35        
     2    29        
    13    67        
    62    35        
    56    41        
     9    62        
    27    81        
     7    57        
    86    42        
    26    42        
   100    71        
    33    45        
    70    11        
    66    7         
    88    19        
    12    64        
    95    52        
    85    5         
    52    48        
    83    97        
    95    35        
    35    86        
    18    68        
    44    76        
    20    69        
    32    90        
    28    89        
    29    22        
    41    100       
    49    3         
    32    46        
    23    44        
    83    2         
    69    54        
     3    98        
    58    55        
    17    37        
   100    49        
    27    7         
    49    24        
    77    90        
    60    78        
    46    63        
   100    67        
    63    36        
    37    78        
    42    52        
    15    65        
    89    71        
     3    40        
    89    81        
    41    44        
    76    24        
    38    70        
    15    22        
    96    50        
    85    59        
    61    3         
     4    55        
    21    71        
    53    58        
    28    53        
    32    56        
     8    23        
    88    2         
    15    28        
    62    62        
    86    32        
    67    49        
    58    23        
    19    55        
    13    47        
    70    61        
    84    6         
    10    69        
    75    1         
    44    31        
    28    84        
    90    22        
    74    20        
    65    95        
    29    80        
    28    73        
    47    55        
    55    74        
    68    85        
    19    53        
    23    48        
    49    63        
    33    22        
    65    25        
    74    41        
    78    19        
    85    97        
    13    42        
    27    79        
    14    63        
    28    77        
    85    57        
     9    81        
    82    44        
     7    61        
    87    25        
    53    94        
    60    60        
    39    89        
    91    42        
     2    82        
    55    20        
    54    100       
    69    74        
    33    46        
    66    17        
    16    54        
     2    92        
    19    94        
    23    43        
    16    91        
    70    25        
    37    55        
    10    24        
    18    46        
    79    33        
    54    54        
    33    8         
    53    34        
    97    15        
    63    41        
    87    14        
    73    3         
    97    41        
    10    81        
    87    96        
    56    11        
    50    2         
    64    95        
    42    50        
     2    83        
     4    61        
    26    32        
    29    2         
    36    16        
    11    3         
    93    30        
    21    55        
    53    20        
    52    30        
    86    85        
    24    48        
    31    30        
    50    66        
    63    44        
    99    7         
    66    61        
    59    100       
    35    56        
    11    89        
    80    89        
    32    27        
    99    47        
    86    69        
    30    55        
    14    59        
    79    74        
    28    44        
    20    30        
    87    88        
    78    73        
    45    55        
    91    91        
    18    25        
     1    46        
    56    49        
    80    91        
   100    32        
    17    10        
    59    13        
    46    20        
     6    52        
    66    96        
    44    74        
    69    54        
    10    78        
    60    13        
    52    20        
    23    46        
    32    83        
    29    37        
    22    63        
    42    99        
    34    99        
    32    35        
    83    44        
    69    98        
    80    65        
    49    9         
    41    8         
    55    89        
    47    41        
    37    56        
    16    22        
    41    27        
    73    40        
    21    24        
     2    26        
    82    34        
    37    6         
    43    90        
    33    57        
    11    41        
    32    42        
    89    26        
   100    83        
    23    46        
    17    40        
    46    92        
    72    71        
    82    35        
    41    9         
    63    23        
    25    37        
    59    7         
    97    5         
     6    64        
    95    1         
    85    8         
    63    32        
    35    42        
    86    10        
    89    22        
    74    72        
    49    57        
    35    72        
    77    69        
    78    9         
     8    62        
    75    93        
    56    17        
    26    39        
    90    10        
    39    23        
    81    38        
    30    61        
    62    55        
    74    3         
    85    1         
    92    40        
    13    27        
    28    57        
    81    75        
    72    7         
    15    22        
    68    99        
    14    54        
     5    82        
    51    92        
    50    37        
    31    78        
    20    100       
    78    39        
    87    98        
     6    41        
    77    69        
    51    69        
    77    9         
    49    81        
    76    53        
    86    13        
    34    94        
    43    71        
    11    93        
    19    64        
    71    61        
    94    100       
    98    89        
    35    51        
    31    75        
    70    94        
    85    45        
     3    65        
    79    65        
    87    15        
    78    69        
    17    29        
    36    21        
    88    62        
    31    50        
    37    40        
    78    68        
    94    20        
    93    81        
    75    43        
    26    48        
    26    55        
     5    93        
    98    86        
    11    14        
    69    10        
    50    81        
    37    86        
    13    48        
    13    97        
     5    24        
    35    35        
     3    27        
    97    33        
     6    41        
    60    10        
     3    46        
    81    17        
    55    19        
     5    2         
    19    86        
    96    13        
    60    87        
    26    58        
     9    98        
    81    62        
    25    42        
    73    91        
    99    30        
     7    91        
    50    32        
    35    69        
    33    99        
    40    68        
    96    53        
    46    63        
    64    96        
    76    39        
    27    48        
     4    20        
    32    3         
    51    100       
    81    98        
    69    80        
     1    80        
    31    24        
    75    62        
    37    62        
    22    80        
    52    19        
    75    26        
     2    17        
    33    26        
    38    26        
    87    55        
     1    8         
    20    62        
    62    56        
    55    80        
    10    17        
    32    65        
    79    9         
     2    95        
    42    74        
    88    36        
    58    30        
    52    97        
    64    65        
    74    55        
    99    1         
    30    38        
    38    81        
     3    53        
    33    45        
    27    87        
    52    72        
    51    25        
    69    74        
     7    25        
    92    2         
    47    50        
     3    9         
    63    95        
    46    2         
    90    63        
    12    18        
    64    74        
    60    68        
    25    19        
    97    79        
    31    71        
    57    25        
    15    55        
    63    93        
    21    91        
    94    10        
    51    13        
    45    40        
    68    55        
    72    53        
    18    70        
    89    35        
    81    59        
    65    31        
    45    30        
    75    33        
    80    28        
    62    2         
    80    51        
    27    48        
    69    38        
    84    34        
    77    31        
    12    57        
    21    53        
    42    17        
    16    43        
    97    40        
    80    57        
     3    29        
    44    17        
    43    37        
    38    17        
     4    98        
    18    95        
    97    56        
    17    64        
    69    26        
     1    20        
     3    81        
    80    36        
    30    100       
    69    80        
    81    45        
    92    11        
     9    15        
    48    72        
    85    79        
    34    17        
     6    35        
    94    59        
    11    41        
     2    28        
    92    59        
    44    49        
     9    88        
    87    16        
    59    83        
    29    97        
    57    3         
    28    1         
    69    57        
    66    7         
     2    80        
     1    45        
    39    85        
    10    38        
    46    93        
    96    48        
    60    21        
    56    75        
    52    98        
    18    62        
    62    30        
    18    60        
    86    12        
    89    43        
    87    79        
    47    19        
    73    94        
    69    46        
    41    89        
    66    100       
    60    11        
    83    86        
    88    61        
    37    52        
    87    72        
    50    70        
    90    10        
    23    95        
    28    72        
    89    47        
    67    87        
    84    40        
    36    48        
    17    60        
    17    74        
    15    77        
    16    23        
    10    59        
    50    39        
    64    23        
    95    38        
    71    26        
     9    55        
    75    35        
    61    54        
    24    46        
    32    8         
    88    14        
     4    14        
    87    15        
    82    20        
    20    35        
    10    76        
    14    88        
    47    68        
    64    55        
    33    95        
    64    35        
    78    24        
    83    52        
    82    47        
    56    62        
    73    81        
     8    40        
    14    54        
    25    28        
    27    78        
    80    60        
    96    25        
    25    4         
    44    98        
    65    75        
    30    2         
    50    49        
    37    8         
    80    99        
    72    99        
    85    75        
    52    47        
    56    33        
    43    18        
    80    58        
    88    36        
    44    88        
    44    29        
    41    94        
    95    18        
    92    83        
    86    48        
    28    6         
     4    85        
    81    30        
    66    95        
    42    45        
    88    17        
    76    98        
    20    25        
    32    46        
    87    100       
    21    33        
    17    66        
    72    100       
     4    92        
    26    40        
    90    37        
    72    18        
    38    11        
    95    75        
    99    86        
    79    29        
     1    26        
    18    73        
    75    53        
    74    14        
    26    46        
    65    39        
    84    71        
    13    13        
    18    95        
    61    18        
    17    22        
    86    90        
    67    2         
    42    78        
    48    17        
    63    66        
    57    98        
    58    31        
     2    68        
     9    37        
    34    14        
    64    43        
    20    94        
    98    17        
   100    74        
    74    90        
    49    74        
    37    62        
    99    29        
    61    20        
    21    78        
    93    42        
    86    89        
    43    25        
    61    57        
    85    27        
    44    13        
    85    45        
    93    87        
    57    55        
    56    67        
    71    41        
    75    67        
    54    28        
    61    81        
    60    5         
    86    100       
    69    23        
    30    30        
    91    30        
    99    33        
    10    32        
    65    37        
    91    88        
    43    59        
    10    9         
   100    24        
    15    59        
   100    48        
    82    19        
    90    26        
    75    70        
    67    73        
    15    60        
    38    61        
    45    8         
    29    78        
    15    74        
    78    76        
    90    39        
    17    20        
    66    67        
     5    90        
    19    37        
    44    61        
   100    48        
    68    69        
    98    38        
    74    53        
    19    94        
    87    37        
    28    72        
    78    40        
     5    66        
    78    24        
    39    17        
    12    36        
    58    86        
    51    69        
    32    43        
    69    40        
    81    79        
    15    64        
    12    42        
    54    8         
    37    74        
    27    65        
    30    93        
    69    54        
    12    79        
     3    74        
     5    85        
    36    19        
    38    55        
    53    62        
    70    75        
     8    66        
    89    84        
    96    56        
    21    72        
    92    97        
    89    68        
    78    90        
    53    79        
    13    89        
    51    82        
    86    58        
    82    67        
    38    16        
    17    38        
    61    42        
     4    24        
    31    12        
    42    41        
     3    71        
     4    20        
    31    60        
    66    20        
    71    78        
    93    40        
    60    70        
    77    71        
    60    9         
    42    78        
    17    35        
    26    80        
    48    47        
    59    100       
    50    68        
     1    12        
    34    52        
    93    12        
    54    59        
    74    25        
    46    65        
    53    66        
    32    62        
    32    12        
     3    16        
    97    40        
    23    33        
    97    32        
    94    3         
    72    18        
     4    56        
    41    56        
    72    69        
    87    39        
    54    64        
    18    33        
    60    86        
    29    30        
    65    83        
    69    55        
    83    2         
    66    81        
    41    50        
    24    8         
    64    51        
    19    53        
    38    82        
    57    55        
    78    31        
    74    56        
    38    39        
    63    12        
    65    53        
    52    85        
    27    73        
     2    81        
    79    6         
    16    63        
     3    87        
    20    76        
    33    79        
    81    51        
    13    93        
    92    78        
    40    47        
    44    59        
    50    11        
    45    92        
     9    34        
    37    8         
     9    27        
    63    76        
    31    9         
    27    70        
    15    2         
    73    81        
   100    25        
    71    60        
     8    78        
    48    44        
    40    22        
    96    88        
    12    65        
    76    81        
    34    79        
    71    21        
    67    60        
    59    33        
    25    22        
    60    82        
    28    97        
    65    19        
    25    48        
    97    40        
    27    5         
    84    80        
    12    23        
     5    49        
    29    82        
    70    46        
    59    18        
    11    45        
    96    98        
    32    76        
    77    88        
    17    82        
    66    59        
    73    20        
    55    80        
    71    88        
    86    50        
    29    3         
    97    34        
    20    6         
    37    98        
    63    74        
    93    87        
    20    86        
    19    92        
    41    54        
    93    54        
    39    34        
    62    41        
    60    67        
    99    82        
    19    4         
   100    11        
    25    4         
    62    86        
    98    1         
    42    45        
    20    49        
    17    50        
     6    6         
    28    53        
    67    11        
    28    57        
    50    70        
    52    39        
    79    34        
    79    81        
    48    63        
     7    59        
    89    55        
    86    34        
    97    46        
     1    60        
    45    48        
    59    47        
    19    78        
    44    74        
    26    25        
    36    38        
    24    8         
    58    48        
    73    13        
    92    48        
    36    97        
    16    62        
    41    12        
    71    60        
    53    91        
    27    78        
    75    66        
    17    74        
    75    84        
    97    7         
    30    13        
    44    92        
    43    37        
    52    76        
    59    84        
    80    12        
    35    76        
    84    61        
    83    18        
     9    10        
    83    98        
    45    18        
    78    34        
    89    22        
    24    72        
    20    11        
     4    47        
    20    1         
     3    31        
     4    54        
    94    73        
    39    26        
    29    74        
    21    82        
     5    38        
     7    98        
    12    59        
    16    2         
    87    49        
    41    32        
    75    68        
    73    76        
    88    70        
    88    82        
    99    6         
    14    75        
    95    45        
    56    48        
    51    59        
    46    37        
    68    5         
     1    28        
    50    45        
    91    86        
    81    40        
    47    52        